if game.PlaceId == 7009799230 then

    local Library = loadstring(game:HttpGet("https://raw.githubusercontent.com/xHeptc/Kavo-UI-Library/main/source.lua"))()
    
    local Window = Library.CreateLib("Pressure Wash Simulator", "Serpent")
    
    local MainTab = Window:NewTab("Main")
        
    local MainSection = MainTab:NewSection("Main")
    
    local AutoFarmTab = Window:NewTab("Auto Farm")
    
    local AutoFarmSection = AutoFarmTab:NewSection("Auto Farming")
    
    local MiscTab = Window:NewTab("Misc")
    
    local MiscSection = MiscTab:NewSection("Misc")
    
    AutoFarmSection:NewToggle("Auto Clean", "Automatically Cleans (make sure to be in your area)", function(state)
        if state then
            getgenv().automoney = true
            while automoney do
                local number_1 = 13283061981201;
                local number_2 = 0;
                local Target = game:GetService("ReplicatedStorage").Remotes.SurfaceCompleted;
                Target:FireServer(number_1, number_2);
    
                local number_1 = 12995553016663;
                local number_2 = 0;
                local Target = game:GetService("ReplicatedStorage").Remotes.SurfaceCompleted;
                Target:FireServer(number_1, number_2);
                
                local number_1 = 12995553016663;
                local number_2 = 0;
                local Target = game:GetService("ReplicatedStorage").Remotes.SurfaceCompleted;
                Target:FireServer(number_1, number_2);
                
                wait()
            end
                else
                    getgenv().automoney = false
        end
    end)
    
    AutoFarmSection:NewToggle("Auto Rebirth", "Automatically Rebirths", function(state)
        if state then
            getgenv().AutoRebirth = true
            while AutoRebirth do
                local Target = game:GetService("ReplicatedStorage").Remotes.RebirthSignal;
                Target:FireServer();
                wait()
            end
            else
                getgenv().AutoRebirth = false
        end
    end)
    
    MiscSection:NewButton("Infinite Money", "Collect Infinite Money", function()
                local number_1 = 12995553016663;
                local number_2 = math.huge;
                local Target = game:GetService("ReplicatedStorage").Remotes.SurfaceCompleted;
                Target:FireServer(number_1, number_2);
    end)
    
    MainSection:NewKeybind("Toggle UI Keybind", "Add a Toggle UI Keybind", Enum.KeyCode.RightControl, function()
        Library:ToggleUI()
    end)
    
    MainSection:NewButton("Copy Discord Invite", "https://discord.gg/D9xuHyRcWK", function()
        setclipboard("https://discord.gg/D9xuHyRcWK")
    end)
    
elseif game.PlaceId == 2580982329 then
    
    local Library = loadstring(game:HttpGet("https://raw.githubusercontent.com/xHeptc/Kavo-UI-Library/main/source.lua"))()
    
    local Window = Library.CreateLib("Texting Simulator", "Serpent")
    
    local MainTab = Window:NewTab("Main")
        
    local MainSection = MainTab:NewSection("Main")
    
    local AutoTab = Window:NewTab("Auto Farm")
    
    local AutoSection = AutoTab:NewSection("Auto Farming")
    
    AutoSection:NewToggle("Auto Text", "Auto Send Texts", function(state)
        if state then
            
            local phonething = "Phone";
            local tabletthing = "Tablet";
            local ppeater = game:GetService("ReplicatedStorage").Events.SendTexts;
            local string_1 = "Computer"; 
            local Target = game:GetService("ReplicatedStorage").Events.SendTexts;
            getgenv().AutoFarm1 = true
            while AutoFarm1 do
                Target:FireServer(tabletthing);
                ppeater:FireServer(phonething);
                Target:FireServer(string_1);
                Target:FireServer("Game");
                wait()
            end
        else
            getgenv().AutoFarm1 = false
        end
    end)
    
    MainSection:NewKeybind("Toggle UI Keybind", "Add a Toggle UI Keybind", Enum.KeyCode.RightControl, function()
        Library:ToggleUI()
    end)
    
    MainSection:NewButton("Copy Discord Invite", "https://discord.gg/D9xuHyRcWK", function()
        setclipboard("https://discord.gg/D9xuHyRcWK")
    end)

elseif game.PlaceId == 4822852675 then

    local Library = loadstring(game:HttpGet("https://raw.githubusercontent.com/xHeptc/Kavo-UI-Library/main/source.lua"))()

    local Window = Library.CreateLib("☀️Typing Simulator 📱", "Serpent")
    
    local MainTab = Window:NewTab("Main")
    
    local MainSection = MainTab:NewSection("Main")
    
    local AutoFarmTab = Window:NewTab("Auto Farm")
    
    local AutoFarmSection = AutoFarmTab:NewSection("Auto Farm")
    
    AutoFarmSection:NewToggle("Auto Type", "Automatically Farms Messages", function(state)
        if state then
            getgenv().AutoMessage = true
            while AutoMessage do
                local string_1 = "Click";
                local Target = game:GetService("ReplicatedStorage").Remotes.Mines[""..game.Players.LocalPlayer.UserId..""];
                Target:FireServer(string_1);
                local string_1 = "Worker";
                local Target = game:GetService("ReplicatedStorage").Remotes.Mines[""..game.Players.LocalPlayer.UserId..""];
                Target:FireServer(string_1);
                Target:FireServer(string_1);
                Target:FireServer(string_1);
                wait()
            end
            else
                getgenv().AutoMessage = false
        end
    end)
    
    MainSection:NewKeybind("Toggle UI Keybind", "Add a Toggle UI Keybind", Enum.KeyCode.RightControl, function()
        Library:ToggleUI()
    end)
    
    MainSection:NewButton("Copy Discord Invite", "https://discord.gg/D9xuHyRcWK", function()
        setclipboard("https://discord.gg/D9xuHyRcWK")
    end)

elseif game.PlaceId == 3101667897 then

    local Library = loadstring(game:HttpGet("https://raw.githubusercontent.com/xHeptc/Kavo-UI-Library/main/source.lua"))()

    local Window = Library.CreateLib("Legends Of Speed ⚡", "Serpent")

    local MainTab = Window:NewTab("Main")

    local MainSection = MainTab:NewSection("Main")

    local AutoFarmTab = Window:NewTab("Auto Farm")

    local AutoFarmSection = AutoFarmTab:NewSection("Auto Farm")

    MainSection:NewKeybind("Toggle UI Keybind", "Add a Toggle UI Keybind", Enum.KeyCode.RightControl, function()
        Library:ToggleUI()
    end)

    MainSection:NewButton("Copy Discord Invite", "https://discord.gg/D9xuHyRcWK", function()
        setclipboard("https://discord.gg/D9xuHyRcWK")
    end)

    AutoFarmSection:NewToggle("Auto Steps", "Automatically Farms Steps", function(state)
        if state then
            getgenv().AutoFarm = true
            while AutoFarm do
                local string_1 = "collectOrb";
                local string_2 = "Red Orb";
                local string_3 = "City";
                local Target = game:GetService("ReplicatedStorage").rEvents.orbEvent;
                Target:FireServer(string_1, string_2, string_3);
                wait()
            end
            else
                getgenv().AutoFarm = false
        end
    end)

    AutoFarmSection:NewToggle("Auto Rebirth", "Automatically Rebirths when possible.", function(state)
        if state then
            getgenv().AutoRebirth = true
            while AutoRebirth do
                local string_1 = "rebirthRequest";
                local Target = game:GetService("ReplicatedStorage").rEvents.rebirthEvent;
                Target:FireServer(string_1);
                wait()
            end
            else
                getgenv().AutoRebirth = false
        end
    end)

elseif game.PlaceId == 1828509885 then

    local Library = loadstring(game:HttpGet("https://raw.githubusercontent.com/xHeptc/Kavo-UI-Library/main/source.lua"))()

    local Window = Library.CreateLib("Egg Farm Simulator", "Serpent")

    local MainTab = Window:NewTab("Main")
        
    local MainSection = MainTab:NewSection("Main")
    
    local AutoFarmTab = Window:NewTab("Auto Farm")
    
    local AutoFarmsection = AutoFarmTab:NewSection("Auto Farm")
    
    AutoFarmsection:NewToggle("Auto Kill Chickens", "Automatically Hits Chickens", function(state)
        if state then
            getgenv().AutoSwing = true
            while AutoSwing do
                game:GetService("ReplicatedStorage").Events.Weapon:FireServer("self", "219629d5067eddcdce55ed7968e9b53f")
                wait()
            end
            else
                getgenv().AutoSwing = false
        end
    end)

    MainSection:NewKeybind("Toggle UI Keybind", "Add a Toggle UI Keybind", Enum.KeyCode.RightControl, function()
        Library:ToggleUI()
    end)

    MainSection:NewButton("Copy Discord Invite", "https://discord.gg/D9xuHyRcWK", function()
        setclipboard("https://discord.gg/D9xuHyRcWK")
    end)

elseif game.PlaceId == 3652625463 then

    local Library = loadstring(game:HttpGet("https://raw.githubusercontent.com/xHeptc/Kavo-UI-Library/main/source.lua"))()

    local Window = Library.CreateLib("💪🏻 Lifting Simulator", "Serpent")

    local MainTab = Window:NewTab("Main")

    local MainSection = MainTab:NewSection("Main")

    local AutoFarmTab = Window:NewTab("Auto Farm")

    local AutoFarmSection = AutoFarmTab:NewSection("Auto Farm")

    AutoFarmSection:NewToggle("Auto Punch", "Automatically farms punches", function(state)
        if state then
            getgenv().AutoPunch = true
            while AutoPunch do
                local table_1 = {
                	[1] = 'GainMuscle'
                };
                local Target = game:GetService("ReplicatedStorage").RemoteEvent;
                Target:FireServer(table_1);

                wait()
            end
                else
        getgenv().AutoPunch = false
        end
    end)

    AutoFarmSection:NewToggle("Auto Sell", "Automatically sells punches", function(state)
        if state then
            getgenv().AutoSell = true
            while AutoSell do

                local table_1 = {
                	[1] = 'SellMuscle'
                };
                local Target = game:GetService("ReplicatedStorage").RemoteEvent;
                Target:FireServer(table_1);

                wait()
            end
            else
                getgenv().AutoSell = false
        end
    end)

    MainSection:NewKeybind("Toggle UI Keybind", "Add a Toggle UI Keybind", Enum.KeyCode.RightControl, function()
        Library:ToggleUI()
    end)

    MainSection:NewButton("Copy Discord Invite", "https://discord.gg/D9xuHyRcWK", function()
        setclipboard("https://discord.gg/D9xuHyRcWK")
    end)

elseif game.PlaceId == 2619187362 then

local Library = loadstring(game:HttpGet("https://raw.githubusercontent.com/xHeptc/Kavo-UI-Library/main/source.lua"))()

local Window = Library.CreateLib("⚡ Super Power Fighting Simulator", "Serpent")

local MainTab = Window:NewTab("Main")
    
local MainSection = MainTab:NewSection("Main")

local AutoFarmTab = Window:NewTab("Auto Farm")

local AutoFarmSection = AutoFarmTab:NewSection("Auto Farm")

AutoFarmSection:NewToggle("Auto Strength", "Automatically farms Strength", function(state)
    if state then
        getgenv().AutoStrength = true
        while AutoStrength do
            local string_1 = "Strength";
            local Target = game:GetService("ReplicatedStorage").Events.Train;
            Target:FireServer(string_1);
            wait()
        end
    else
        getgenv().AutoStrength = false
    end
end)

AutoFarmSection:NewToggle("Auto Endurance", "Automatically farms Endurance", function(state)
    if state then
        getgenv().AutoEndurance = true
        while AutoEndurance do
            local string_1 = "Endurance";
            local Target = game:GetService("ReplicatedStorage").Events.Train;
            Target:FireServer(string_1);
            wait()
        end
    else
        getgenv().AutoEndurance = false
    end
end)

AutoFarmSection:NewToggle("Auto Psychic", "Automatically farms Psychic", function(state)
    if state then
        getgenv().AutoPsy = true
        while AutoPsy do
            local string_1 = "Psychic";
            local Target = game:GetService("ReplicatedStorage").Events.Train;
            Target:FireServer(string_1);
            wait()
        end
    else
        getgenv().AutoPsy = false
    end
end)


MainSection:NewKeybind("Toggle UI Keybind", "Add a Toggle UI Keybind", Enum.KeyCode.RightControl, function()
    Library:ToggleUI()
end)

MainSection:NewButton("Copy Discord Invite", "https://discord.gg/D9xuHyRcWK", function()
    setclipboard("https://discord.gg/D9xuHyRcWK")
end)

elseif game.PlaceId == 6440133276 then

local Library = loadstring(game:HttpGet("https://raw.githubusercontent.com/xHeptc/Kavo-UI-Library/main/source.lua"))()

local Window = Library.CreateLib("Shampoo Simulator", "Serpent")

local MainTab = Window:NewTab("Main")
    
local MainSection = MainTab:NewSection("Main")

local AutoFarmtab = Window:NewTab("Auto Farm")

local AutoFarmSection = AutoFarmtab:NewSection("Auto Farm")

AutoFarmSection:NewToggle("Auto Shampoo", "Automatically farms Shampoo", function(state)
    if state then
        getgenv().AutoShampoo = true
        while AutoShampoo do
            local Target = game:GetService("Players")[""..game.Players.LocalPlayer.Name..""].Backpack.Shampoo.Remotes.Events.RequestPoints;
            Target:FireServer();
            wait()
        end
    else
        getgenv().AutoShampoo = false
    end
end)

MainSection:NewKeybind("Toggle UI Keybind", "Add a Toggle UI Keybind", Enum.KeyCode.RightControl, function()
    Library:ToggleUI()
end)

MainSection:NewButton("Copy Discord Invite", "https://discord.gg/D9xuHyRcWK", function()
    setclipboard("https://discord.gg/D9xuHyRcWK")
end)

elseif game.PlaceId == 3177438863 then

    getgenv().AutoFarm = false
getgenv().AutoCharge = false
getgenv().AntiBan = false
getgenv().BossFarm1 = false
getgenv().BossFarm2 = false
getgenv().BossFarm3 = false
getgenv().BossFarm4 = false
getgenv().BossFarm5 = false
getgenv().BossFarm6 = false
getgenv().BossFarm7 = false
getgenv().BossFarm8 = false
local AntiBanSystem = {game:GetService("Players").LocalPlayer.Backpack.ExploitFolder,game:GetService("Players").LocalPlayer.Backpack.ExploitFolder.ExploitScript}


-- init
local library = loadstring(game:HttpGet("https://raw.githubusercontent.com/zxciaz/VenyxUI/main/Reuploaded"))() --someone reuploaded it so I put it in place of the original back up so guy can get free credit.
local venyx = library.new("Simulator Hub", 5013109572)

-- themes
local themes = {
Background = Color3.fromRGB(24, 24, 24),
Glow = Color3.fromRGB(0, 0, 0),
Accent = Color3.fromRGB(10, 10, 10),
LightContrast = Color3.fromRGB(20, 20, 20),
DarkContrast = Color3.fromRGB(14, 14, 14),  
TextColor = Color3.fromRGB(255, 255, 255)
}

-- first page
local page = venyx:addPage("Main", 5012544693)
local section1 = page:addSection("AutoFarm")
local section2 = page:addSection("AutoBoss")



section1:addToggle("AutoFarm", nil, function(bool)
        getgenv().AutoFarm = bool
        if bool then
            Farm()
    end
end)

section1:addToggle("AutoCharge", nil, function(bool)
    getgenv().AutoCharge = bool
    if bool then
    Charge()
    end
end)

section2:addToggle("Cell", nil, function(bool)
    getgenv().BossFarm1 = bool
    if bool then
        Boss1()
    end
end)

section2:addToggle("Majin Buu", nil, function(bool)
    getgenv().BossFarm2 = bool
    if bool then
        Boss2()
    end
end)

section2:addToggle("Jiren", nil, function(bool)
    getgenv().BossFarm3 = bool
    if bool then
        Boss3()
    end
end)

section2:addToggle("Android 17", nil, function(bool)
    getgenv().BossFarm4 = bool
    if bool then
        Boss4()
    end
end)

section2:addToggle("Android 18", nil, function(bool)
    getgenv().BossFarm5 = bool
    if bool then
        Boss5()
  end
end)


section2:addToggle("Frieza", nil, function(bool)
    getgenv().BossFarm6 = bool
    if bool then
        Boss6()
    end
end)

section2:addToggle("Broly", nil, function(bool)
    getgenv().BossFarm7 = bool
    if bool then
        Boss7()
    end
end)

section2:addToggle("Baby Vegeta", nil, function(bool)
    getgenv().BossFarm8 = bool
    if bool then
        Boss8()
    end
end)



function Boss1()
    spawn(function()
        while getgenv().BossFarm1 == true do
            
            local chr = game.Players.LocalPlayer.Character;
            chr.HumanoidRootPart.CFrame = game:GetService("Workspace")["World Mobs"]["Boss Mobs"]["Cell"].HumanoidRootPart.CFrame            
            wait()
            game:GetService("ReplicatedStorage").SkillRemote:FireServer("Ki Blast",true,CFrame.new(1713.33594, 590.56958, 1379.12476, 0.925043046, 0.187800378, -0.330191374, 0, 0.869239807, 0.494390726, 0.379862249, -0.4573327, 0.804084241),CFrame.new(1720.88293, 577.769592, 1360.74634, 0.925086737, -2.97243385e-08, -0.379755855, 1.34943758e-11, 1, -7.82393599e-08, 0.379755855, 7.23730693e-08, 0.925086737),CFrame.new(1726.81543, 574.771606, 1375.34119, 0.270196557, 0.7205832, -0.638556123, -1.49011612e-08, 0.663224697, 0.748420477, 0.962805271, -0.202220619, 0.179200992))
            wait()
            game:GetService("ReplicatedStorage").SkillRemote:FireServer("Kamehameha",true,CFrame.new(1700.55566, 590.110046, 1356.26379, -0.7232669, 0.327527642, -0.607956171, -1.49011594e-08, 0.880370378, 0.474286884, 0.690568626, 0.343035996, -0.636742771),CFrame.new(1714.45129, 577.769592, 1370.81738, -0.708844721, 5.51968249e-08, 0.705364406, 1.3494557e-11, 1, -7.82393599e-08, -0.705364406, -5.54500765e-08, -0.708844721),CFrame.new(1732.52673, 574.771606, 1381.8645, -0.625060618, 0.273767769, -0.730992854, -1.4901163e-08, 0.936478555, 0.350725204, 0.780576289, 0.219224527, -0.585355818))
            wait()
            game:GetService("ReplicatedStorage").SkillRemote:FireServer("Spirit Bomb",true,CFrame.new(1713.33594, 590.56958, 1379.12476, 0.925043046, 0.187800378, -0.330191374, 0, 0.869239807, 0.494390726, 0.379862249, -0.4573327, 0.804084241),CFrame.new(1720.88293, 577.769592, 1360.74634, 0.925086737, -2.97243385e-08, -0.379755855, 1.34943758e-11, 1, -7.82393599e-08, 0.379755855, 7.23730693e-08, 0.925086737),CFrame.new(1726.81543, 574.771606, 1375.34119, 0.270196557, 0.7205832, -0.638556123, -1.49011612e-08, 0.663224697, 0.748420477, 0.962805271, -0.202220619, 0.179200992))
            wait()
            game:GetService("ReplicatedStorage").SkillRemote:FireServer("Meteor Crash",true,CFrame.new(1713.33594, 590.56958, 1379.12476, 0.925043046, 0.187800378, -0.330191374, 0, 0.869239807, 0.494390726, 0.379862249, -0.4573327, 0.804084241),CFrame.new(1720.88293, 577.769592, 1360.74634, 0.925086737, -2.97243385e-08, -0.379755855, 1.34943758e-11, 1, -7.82393599e-08, 0.379755855, 7.23730693e-08, 0.925086737),CFrame.new(1726.81543, 574.771606, 1375.34119, 0.270196557, 0.7205832, -0.638556123, -1.49011612e-08, 0.663224697, 0.748420477, 0.962805271, -0.202220619, 0.179200992))
            wait()
            game:GetService("ReplicatedStorage").SkillRemote:FireServer("Death Beam",true,CFrame.new(1713.33594, 590.56958, 1379.12476, 0.925043046, 0.187800378, -0.330191374, 0, 0.869239807, 0.494390726, 0.379862249, -0.4573327, 0.804084241),CFrame.new(1720.88293, 577.769592, 1360.74634, 0.925086737, -2.97243385e-08, -0.379755855, 1.34943758e-11, 1, -7.82393599e-08, 0.379755855, 7.23730693e-08, 0.925086737),CFrame.new(1726.81543, 574.771606, 1375.34119, 0.270196557, 0.7205832, -0.638556123, -1.49011612e-08, 0.663224697, 0.748420477, 0.962805271, -0.202220619, 0.179200992))
            wait()
            game:GetService("ReplicatedStorage").SkillRemote:FireServer("Blast Fist",true,CFrame.new(1713.33594, 590.56958, 1379.12476, 0.925043046, 0.187800378, -0.330191374, 0, 0.869239807, 0.494390726, 0.379862249, -0.4573327, 0.804084241),CFrame.new(1720.88293, 577.769592, 1360.74634, 0.925086737, -2.97243385e-08, -0.379755855, 1.34943758e-11, 1, -7.82393599e-08, 0.379755855, 7.23730693e-08, 0.925086737),CFrame.new(1726.81543, 574.771606, 1375.34119, 0.270196557, 0.7205832, -0.638556123, -1.49011612e-08, 0.663224697, 0.748420477, 0.962805271, -0.202220619, 0.179200992))
            wait()
            game:GetService("ReplicatedStorage").SkillRemote:FireServer("Hakai",true,CFrame.new(1713.33594, 590.56958, 1379.12476, 0.925043046, 0.187800378, -0.330191374, 0, 0.869239807, 0.494390726, 0.379862249, -0.4573327, 0.804084241),CFrame.new(1720.88293, 577.769592, 1360.74634, 0.925086737, -2.97243385e-08, -0.379755855, 1.34943758e-11, 1, -7.82393599e-08, 0.379755855, 7.23730693e-08, 0.925086737),CFrame.new(1726.81543, 574.771606, 1375.34119, 0.270196557, 0.7205832, -0.638556123, -1.49011612e-08, 0.663224697, 0.748420477, 0.962805271, -0.202220619, 0.179200992))
            wait()
            game:GetService("ReplicatedStorage").SkillRemote:FireServer("Death Cannon",true,CFrame.new(1713.33594, 590.56958, 1379.12476, 0.925043046, 0.187800378, -0.330191374, 0, 0.869239807, 0.494390726, 0.379862249, -0.4573327, 0.804084241),CFrame.new(1720.88293, 577.769592, 1360.74634, 0.925086737, -2.97243385e-08, -0.379755855, 1.34943758e-11, 1, -7.82393599e-08, 0.379755855, 7.23730693e-08, 0.925086737),CFrame.new(1726.81543, 574.771606, 1375.34119, 0.270196557, 0.7205832, -0.638556123, -1.49011612e-08, 0.663224697, 0.748420477, 0.962805271, -0.202220619, 0.179200992))
            wait()
            game:GetService("ReplicatedStorage").SkillRemote:FireServer("Double Axe Hand",true,CFrame.new(1713.33594, 590.56958, 1379.12476, 0.925043046, 0.187800378, -0.330191374, 0, 0.869239807, 0.494390726, 0.379862249, -0.4573327, 0.804084241),CFrame.new(1720.88293, 577.769592, 1360.74634, 0.925086737, -2.97243385e-08, -0.379755855, 1.34943758e-11, 1, -7.82393599e-08, 0.379755855, 7.23730693e-08, 0.925086737),CFrame.new(1726.81543, 574.771606, 1375.34119, 0.270196557, 0.7205832, -0.638556123, -1.49011612e-08, 0.663224697, 0.748420477, 0.962805271, -0.202220619, 0.179200992))
            wait()
            game:GetService("ReplicatedStorage").SkillRemote:FireServer("Final Flash",true,CFrame.new(1713.33594, 590.56958, 1379.12476, 0.925043046, 0.187800378, -0.330191374, 0, 0.869239807, 0.494390726, 0.379862249, -0.4573327, 0.804084241),CFrame.new(1720.88293, 577.769592, 1360.74634, 0.925086737, -2.97243385e-08, -0.379755855, 1.34943758e-11, 1, -7.82393599e-08, 0.379755855, 7.23730693e-08, 0.925086737),CFrame.new(1726.81543, 574.771606, 1375.34119, 0.270196557, 0.7205832, -0.638556123, -1.49011612e-08, 0.663224697, 0.748420477, 0.962805271, -0.202220619, 0.179200992))
            wait()
            game:GetService("ReplicatedStorage").SkillRemote:FireServer("Galaxy Dynamite",true,CFrame.new(1713.33594, 590.56958, 1379.12476, 0.925043046, 0.187800378, -0.330191374, 0, 0.869239807, 0.494390726, 0.379862249, -0.4573327, 0.804084241),CFrame.new(1720.88293, 577.769592, 1360.74634, 0.925086737, -2.97243385e-08, -0.379755855, 1.34943758e-11, 1, -7.82393599e-08, 0.379755855, 7.23730693e-08, 0.925086737),CFrame.new(1726.81543, 574.771606, 1375.34119, 0.270196557, 0.7205832, -0.638556123, -1.49011612e-08, 0.663224697, 0.748420477, 0.962805271, -0.202220619, 0.179200992))
            wait()
            game:GetService("ReplicatedStorage").SkillRemote:FireServer("Supernova",true,CFrame.new(1713.33594, 590.56958, 1379.12476, 0.925043046, 0.187800378, -0.330191374, 0, 0.869239807, 0.494390726, 0.379862249, -0.4573327, 0.804084241),CFrame.new(1720.88293, 577.769592, 1360.74634, 0.925086737, -2.97243385e-08, -0.379755855, 1.34943758e-11, 1, -7.82393599e-08, 0.379755855, 7.23730693e-08, 0.925086737),CFrame.new(1726.81543, 574.771606, 1375.34119, 0.270196557, 0.7205832, -0.638556123, -1.49011612e-08, 0.663224697, 0.748420477, 0.962805271, -0.202220619, 0.179200992))
            wait()
        end
    end)
end


function Boss2()
    spawn(function()
        while getgenv().BossFarm2 == true do
            local chr = game.Players.LocalPlayer.Character;
            chr.HumanoidRootPart.CFrame = game:GetService("Workspace")["World Mobs"]["Boss Mobs"]["Majin Buu"].HumanoidRootPart.CFrame            
            wait()
            game:GetService("ReplicatedStorage").SkillRemote:FireServer("Ki Blast",true,CFrame.new(1713.33594, 590.56958, 1379.12476, 0.925043046, 0.187800378, -0.330191374, 0, 0.869239807, 0.494390726, 0.379862249, -0.4573327, 0.804084241),CFrame.new(1720.88293, 577.769592, 1360.74634, 0.925086737, -2.97243385e-08, -0.379755855, 1.34943758e-11, 1, -7.82393599e-08, 0.379755855, 7.23730693e-08, 0.925086737),CFrame.new(1726.81543, 574.771606, 1375.34119, 0.270196557, 0.7205832, -0.638556123, -1.49011612e-08, 0.663224697, 0.748420477, 0.962805271, -0.202220619, 0.179200992))
            wait()
            game:GetService("ReplicatedStorage").SkillRemote:FireServer("Kamehameha",true,CFrame.new(1700.55566, 590.110046, 1356.26379, -0.7232669, 0.327527642, -0.607956171, -1.49011594e-08, 0.880370378, 0.474286884, 0.690568626, 0.343035996, -0.636742771),CFrame.new(1714.45129, 577.769592, 1370.81738, -0.708844721, 5.51968249e-08, 0.705364406, 1.3494557e-11, 1, -7.82393599e-08, -0.705364406, -5.54500765e-08, -0.708844721),CFrame.new(1732.52673, 574.771606, 1381.8645, -0.625060618, 0.273767769, -0.730992854, -1.4901163e-08, 0.936478555, 0.350725204, 0.780576289, 0.219224527, -0.585355818))
            wait()
            game:GetService("ReplicatedStorage").SkillRemote:FireServer("Spirit Bomb",true,CFrame.new(1713.33594, 590.56958, 1379.12476, 0.925043046, 0.187800378, -0.330191374, 0, 0.869239807, 0.494390726, 0.379862249, -0.4573327, 0.804084241),CFrame.new(1720.88293, 577.769592, 1360.74634, 0.925086737, -2.97243385e-08, -0.379755855, 1.34943758e-11, 1, -7.82393599e-08, 0.379755855, 7.23730693e-08, 0.925086737),CFrame.new(1726.81543, 574.771606, 1375.34119, 0.270196557, 0.7205832, -0.638556123, -1.49011612e-08, 0.663224697, 0.748420477, 0.962805271, -0.202220619, 0.179200992))
            wait()
            game:GetService("ReplicatedStorage").SkillRemote:FireServer("Meteor Crash",true,CFrame.new(1713.33594, 590.56958, 1379.12476, 0.925043046, 0.187800378, -0.330191374, 0, 0.869239807, 0.494390726, 0.379862249, -0.4573327, 0.804084241),CFrame.new(1720.88293, 577.769592, 1360.74634, 0.925086737, -2.97243385e-08, -0.379755855, 1.34943758e-11, 1, -7.82393599e-08, 0.379755855, 7.23730693e-08, 0.925086737),CFrame.new(1726.81543, 574.771606, 1375.34119, 0.270196557, 0.7205832, -0.638556123, -1.49011612e-08, 0.663224697, 0.748420477, 0.962805271, -0.202220619, 0.179200992))
            wait()
            game:GetService("ReplicatedStorage").SkillRemote:FireServer("Death Beam",true,CFrame.new(1713.33594, 590.56958, 1379.12476, 0.925043046, 0.187800378, -0.330191374, 0, 0.869239807, 0.494390726, 0.379862249, -0.4573327, 0.804084241),CFrame.new(1720.88293, 577.769592, 1360.74634, 0.925086737, -2.97243385e-08, -0.379755855, 1.34943758e-11, 1, -7.82393599e-08, 0.379755855, 7.23730693e-08, 0.925086737),CFrame.new(1726.81543, 574.771606, 1375.34119, 0.270196557, 0.7205832, -0.638556123, -1.49011612e-08, 0.663224697, 0.748420477, 0.962805271, -0.202220619, 0.179200992))
            wait()
            game:GetService("ReplicatedStorage").SkillRemote:FireServer("Blast Fist",true,CFrame.new(1713.33594, 590.56958, 1379.12476, 0.925043046, 0.187800378, -0.330191374, 0, 0.869239807, 0.494390726, 0.379862249, -0.4573327, 0.804084241),CFrame.new(1720.88293, 577.769592, 1360.74634, 0.925086737, -2.97243385e-08, -0.379755855, 1.34943758e-11, 1, -7.82393599e-08, 0.379755855, 7.23730693e-08, 0.925086737),CFrame.new(1726.81543, 574.771606, 1375.34119, 0.270196557, 0.7205832, -0.638556123, -1.49011612e-08, 0.663224697, 0.748420477, 0.962805271, -0.202220619, 0.179200992))
            wait()
            game:GetService("ReplicatedStorage").SkillRemote:FireServer("Hakai",true,CFrame.new(1713.33594, 590.56958, 1379.12476, 0.925043046, 0.187800378, -0.330191374, 0, 0.869239807, 0.494390726, 0.379862249, -0.4573327, 0.804084241),CFrame.new(1720.88293, 577.769592, 1360.74634, 0.925086737, -2.97243385e-08, -0.379755855, 1.34943758e-11, 1, -7.82393599e-08, 0.379755855, 7.23730693e-08, 0.925086737),CFrame.new(1726.81543, 574.771606, 1375.34119, 0.270196557, 0.7205832, -0.638556123, -1.49011612e-08, 0.663224697, 0.748420477, 0.962805271, -0.202220619, 0.179200992))
            wait()
            game:GetService("ReplicatedStorage").SkillRemote:FireServer("Death Cannon",true,CFrame.new(1713.33594, 590.56958, 1379.12476, 0.925043046, 0.187800378, -0.330191374, 0, 0.869239807, 0.494390726, 0.379862249, -0.4573327, 0.804084241),CFrame.new(1720.88293, 577.769592, 1360.74634, 0.925086737, -2.97243385e-08, -0.379755855, 1.34943758e-11, 1, -7.82393599e-08, 0.379755855, 7.23730693e-08, 0.925086737),CFrame.new(1726.81543, 574.771606, 1375.34119, 0.270196557, 0.7205832, -0.638556123, -1.49011612e-08, 0.663224697, 0.748420477, 0.962805271, -0.202220619, 0.179200992))
            wait()
            game:GetService("ReplicatedStorage").SkillRemote:FireServer("Double Axe Hand",true,CFrame.new(1713.33594, 590.56958, 1379.12476, 0.925043046, 0.187800378, -0.330191374, 0, 0.869239807, 0.494390726, 0.379862249, -0.4573327, 0.804084241),CFrame.new(1720.88293, 577.769592, 1360.74634, 0.925086737, -2.97243385e-08, -0.379755855, 1.34943758e-11, 1, -7.82393599e-08, 0.379755855, 7.23730693e-08, 0.925086737),CFrame.new(1726.81543, 574.771606, 1375.34119, 0.270196557, 0.7205832, -0.638556123, -1.49011612e-08, 0.663224697, 0.748420477, 0.962805271, -0.202220619, 0.179200992))
            wait()
            game:GetService("ReplicatedStorage").SkillRemote:FireServer("Final Flash",true,CFrame.new(1713.33594, 590.56958, 1379.12476, 0.925043046, 0.187800378, -0.330191374, 0, 0.869239807, 0.494390726, 0.379862249, -0.4573327, 0.804084241),CFrame.new(1720.88293, 577.769592, 1360.74634, 0.925086737, -2.97243385e-08, -0.379755855, 1.34943758e-11, 1, -7.82393599e-08, 0.379755855, 7.23730693e-08, 0.925086737),CFrame.new(1726.81543, 574.771606, 1375.34119, 0.270196557, 0.7205832, -0.638556123, -1.49011612e-08, 0.663224697, 0.748420477, 0.962805271, -0.202220619, 0.179200992))
            wait()
            game:GetService("ReplicatedStorage").SkillRemote:FireServer("Galaxy Dynamite",true,CFrame.new(1713.33594, 590.56958, 1379.12476, 0.925043046, 0.187800378, -0.330191374, 0, 0.869239807, 0.494390726, 0.379862249, -0.4573327, 0.804084241),CFrame.new(1720.88293, 577.769592, 1360.74634, 0.925086737, -2.97243385e-08, -0.379755855, 1.34943758e-11, 1, -7.82393599e-08, 0.379755855, 7.23730693e-08, 0.925086737),CFrame.new(1726.81543, 574.771606, 1375.34119, 0.270196557, 0.7205832, -0.638556123, -1.49011612e-08, 0.663224697, 0.748420477, 0.962805271, -0.202220619, 0.179200992))
            wait()
            game:GetService("ReplicatedStorage").SkillRemote:FireServer("Supernova",true,CFrame.new(1713.33594, 590.56958, 1379.12476, 0.925043046, 0.187800378, -0.330191374, 0, 0.869239807, 0.494390726, 0.379862249, -0.4573327, 0.804084241),CFrame.new(1720.88293, 577.769592, 1360.74634, 0.925086737, -2.97243385e-08, -0.379755855, 1.34943758e-11, 1, -7.82393599e-08, 0.379755855, 7.23730693e-08, 0.925086737),CFrame.new(1726.81543, 574.771606, 1375.34119, 0.270196557, 0.7205832, -0.638556123, -1.49011612e-08, 0.663224697, 0.748420477, 0.962805271, -0.202220619, 0.179200992))
            wait()
        end
    end)
end


function Boss3()
    spawn(function()
        while getgenv().BossFarm3 == true do
            local chr = game.Players.LocalPlayer.Character;
            chr.HumanoidRootPart.CFrame = game:GetService("Workspace")["World Mobs"]["Boss Mobs"]["Jiren"].HumanoidRootPart.CFrame
            wait()            
            game:GetService("ReplicatedStorage").SkillRemote:FireServer("Ki Blast",true,CFrame.new(1713.33594, 590.56958, 1379.12476, 0.925043046, 0.187800378, -0.330191374, 0, 0.869239807, 0.494390726, 0.379862249, -0.4573327, 0.804084241),CFrame.new(1720.88293, 577.769592, 1360.74634, 0.925086737, -2.97243385e-08, -0.379755855, 1.34943758e-11, 1, -7.82393599e-08, 0.379755855, 7.23730693e-08, 0.925086737),CFrame.new(1726.81543, 574.771606, 1375.34119, 0.270196557, 0.7205832, -0.638556123, -1.49011612e-08, 0.663224697, 0.748420477, 0.962805271, -0.202220619, 0.179200992))
            wait()
            game:GetService("ReplicatedStorage").SkillRemote:FireServer("Kamehameha",true,CFrame.new(1700.55566, 590.110046, 1356.26379, -0.7232669, 0.327527642, -0.607956171, -1.49011594e-08, 0.880370378, 0.474286884, 0.690568626, 0.343035996, -0.636742771),CFrame.new(1714.45129, 577.769592, 1370.81738, -0.708844721, 5.51968249e-08, 0.705364406, 1.3494557e-11, 1, -7.82393599e-08, -0.705364406, -5.54500765e-08, -0.708844721),CFrame.new(1732.52673, 574.771606, 1381.8645, -0.625060618, 0.273767769, -0.730992854, -1.4901163e-08, 0.936478555, 0.350725204, 0.780576289, 0.219224527, -0.585355818))
            wait()
            game:GetService("ReplicatedStorage").SkillRemote:FireServer("Spirit Bomb",true,CFrame.new(1713.33594, 590.56958, 1379.12476, 0.925043046, 0.187800378, -0.330191374, 0, 0.869239807, 0.494390726, 0.379862249, -0.4573327, 0.804084241),CFrame.new(1720.88293, 577.769592, 1360.74634, 0.925086737, -2.97243385e-08, -0.379755855, 1.34943758e-11, 1, -7.82393599e-08, 0.379755855, 7.23730693e-08, 0.925086737),CFrame.new(1726.81543, 574.771606, 1375.34119, 0.270196557, 0.7205832, -0.638556123, -1.49011612e-08, 0.663224697, 0.748420477, 0.962805271, -0.202220619, 0.179200992))
            wait()
            game:GetService("ReplicatedStorage").SkillRemote:FireServer("Meteor Crash",true,CFrame.new(1713.33594, 590.56958, 1379.12476, 0.925043046, 0.187800378, -0.330191374, 0, 0.869239807, 0.494390726, 0.379862249, -0.4573327, 0.804084241),CFrame.new(1720.88293, 577.769592, 1360.74634, 0.925086737, -2.97243385e-08, -0.379755855, 1.34943758e-11, 1, -7.82393599e-08, 0.379755855, 7.23730693e-08, 0.925086737),CFrame.new(1726.81543, 574.771606, 1375.34119, 0.270196557, 0.7205832, -0.638556123, -1.49011612e-08, 0.663224697, 0.748420477, 0.962805271, -0.202220619, 0.179200992))
            wait()
            game:GetService("ReplicatedStorage").SkillRemote:FireServer("Death Beam",true,CFrame.new(1713.33594, 590.56958, 1379.12476, 0.925043046, 0.187800378, -0.330191374, 0, 0.869239807, 0.494390726, 0.379862249, -0.4573327, 0.804084241),CFrame.new(1720.88293, 577.769592, 1360.74634, 0.925086737, -2.97243385e-08, -0.379755855, 1.34943758e-11, 1, -7.82393599e-08, 0.379755855, 7.23730693e-08, 0.925086737),CFrame.new(1726.81543, 574.771606, 1375.34119, 0.270196557, 0.7205832, -0.638556123, -1.49011612e-08, 0.663224697, 0.748420477, 0.962805271, -0.202220619, 0.179200992))
            wait()
            game:GetService("ReplicatedStorage").SkillRemote:FireServer("Blast Fist",true,CFrame.new(1713.33594, 590.56958, 1379.12476, 0.925043046, 0.187800378, -0.330191374, 0, 0.869239807, 0.494390726, 0.379862249, -0.4573327, 0.804084241),CFrame.new(1720.88293, 577.769592, 1360.74634, 0.925086737, -2.97243385e-08, -0.379755855, 1.34943758e-11, 1, -7.82393599e-08, 0.379755855, 7.23730693e-08, 0.925086737),CFrame.new(1726.81543, 574.771606, 1375.34119, 0.270196557, 0.7205832, -0.638556123, -1.49011612e-08, 0.663224697, 0.748420477, 0.962805271, -0.202220619, 0.179200992))
            wait()
            game:GetService("ReplicatedStorage").SkillRemote:FireServer("Hakai",true,CFrame.new(1713.33594, 590.56958, 1379.12476, 0.925043046, 0.187800378, -0.330191374, 0, 0.869239807, 0.494390726, 0.379862249, -0.4573327, 0.804084241),CFrame.new(1720.88293, 577.769592, 1360.74634, 0.925086737, -2.97243385e-08, -0.379755855, 1.34943758e-11, 1, -7.82393599e-08, 0.379755855, 7.23730693e-08, 0.925086737),CFrame.new(1726.81543, 574.771606, 1375.34119, 0.270196557, 0.7205832, -0.638556123, -1.49011612e-08, 0.663224697, 0.748420477, 0.962805271, -0.202220619, 0.179200992))
            wait()
            game:GetService("ReplicatedStorage").SkillRemote:FireServer("Death Cannon",true,CFrame.new(1713.33594, 590.56958, 1379.12476, 0.925043046, 0.187800378, -0.330191374, 0, 0.869239807, 0.494390726, 0.379862249, -0.4573327, 0.804084241),CFrame.new(1720.88293, 577.769592, 1360.74634, 0.925086737, -2.97243385e-08, -0.379755855, 1.34943758e-11, 1, -7.82393599e-08, 0.379755855, 7.23730693e-08, 0.925086737),CFrame.new(1726.81543, 574.771606, 1375.34119, 0.270196557, 0.7205832, -0.638556123, -1.49011612e-08, 0.663224697, 0.748420477, 0.962805271, -0.202220619, 0.179200992))
            wait()
            game:GetService("ReplicatedStorage").SkillRemote:FireServer("Double Axe Hand",true,CFrame.new(1713.33594, 590.56958, 1379.12476, 0.925043046, 0.187800378, -0.330191374, 0, 0.869239807, 0.494390726, 0.379862249, -0.4573327, 0.804084241),CFrame.new(1720.88293, 577.769592, 1360.74634, 0.925086737, -2.97243385e-08, -0.379755855, 1.34943758e-11, 1, -7.82393599e-08, 0.379755855, 7.23730693e-08, 0.925086737),CFrame.new(1726.81543, 574.771606, 1375.34119, 0.270196557, 0.7205832, -0.638556123, -1.49011612e-08, 0.663224697, 0.748420477, 0.962805271, -0.202220619, 0.179200992))
            wait()
            game:GetService("ReplicatedStorage").SkillRemote:FireServer("Final Flash",true,CFrame.new(1713.33594, 590.56958, 1379.12476, 0.925043046, 0.187800378, -0.330191374, 0, 0.869239807, 0.494390726, 0.379862249, -0.4573327, 0.804084241),CFrame.new(1720.88293, 577.769592, 1360.74634, 0.925086737, -2.97243385e-08, -0.379755855, 1.34943758e-11, 1, -7.82393599e-08, 0.379755855, 7.23730693e-08, 0.925086737),CFrame.new(1726.81543, 574.771606, 1375.34119, 0.270196557, 0.7205832, -0.638556123, -1.49011612e-08, 0.663224697, 0.748420477, 0.962805271, -0.202220619, 0.179200992))
            wait()
            game:GetService("ReplicatedStorage").SkillRemote:FireServer("Galaxy Dynamite",true,CFrame.new(1713.33594, 590.56958, 1379.12476, 0.925043046, 0.187800378, -0.330191374, 0, 0.869239807, 0.494390726, 0.379862249, -0.4573327, 0.804084241),CFrame.new(1720.88293, 577.769592, 1360.74634, 0.925086737, -2.97243385e-08, -0.379755855, 1.34943758e-11, 1, -7.82393599e-08, 0.379755855, 7.23730693e-08, 0.925086737),CFrame.new(1726.81543, 574.771606, 1375.34119, 0.270196557, 0.7205832, -0.638556123, -1.49011612e-08, 0.663224697, 0.748420477, 0.962805271, -0.202220619, 0.179200992))
            wait()
            game:GetService("ReplicatedStorage").SkillRemote:FireServer("Supernova",true,CFrame.new(1713.33594, 590.56958, 1379.12476, 0.925043046, 0.187800378, -0.330191374, 0, 0.869239807, 0.494390726, 0.379862249, -0.4573327, 0.804084241),CFrame.new(1720.88293, 577.769592, 1360.74634, 0.925086737, -2.97243385e-08, -0.379755855, 1.34943758e-11, 1, -7.82393599e-08, 0.379755855, 7.23730693e-08, 0.925086737),CFrame.new(1726.81543, 574.771606, 1375.34119, 0.270196557, 0.7205832, -0.638556123, -1.49011612e-08, 0.663224697, 0.748420477, 0.962805271, -0.202220619, 0.179200992))
            wait()
        end
    end)
end


function Boss4()
    spawn(function()
        while getgenv().BossFarm4 == true do
            local chr = game.Players.LocalPlayer.Character;
            chr.HumanoidRootPart.CFrame = game:GetService("Workspace")["World Mobs"]["Boss Mobs"]["Android 17"].HumanoidRootPart.CFrame 
            wait()
